terrorists <- c("Ahmed Al-Haznawi", "Ahmed Alghamdi", "Ahmed Alnami", "Bandar Alhazmi", "Hamza Alghamdi", "Hani Hanjour", "Khalid Al-Mihdhar", "Mamoun Darkazanli", "Marwan Al-Shehhi", "Mohamed Atta", "Mounir El Motassadeq", "Mustafa Al-Hisawi", "Nabil Al-Marabh", "Nawaf Al-Hazmi", "Raed Hijazi", "Ramzi Bin Al-Shibh", "Rayed Abdullah", "Saeed Alghamdi", "Said Bahaji", "Salem Alhazmi", "Wail Alshehri", "Waleed Al-Shehri", "Zacarias Moussaoui", "Zakariya Essabar", "Ziad Jarrah", "KSM", "Mohammed Haydar Zammar", "Mohand Alshehri", "Satam Al-Suqami", "Majed Moqed", "Osama Awadallah", "Fayez Banihammad")

b99 <- c(0.195, 0.388, 0.191, 0.219, 0.200, 0.219, 0.172, 0.202, 0.202, 0.226, 0.202, 0.219, 0.219, 0.563, 0.219, 0.226, 0.219, 0.221, 0.226, 0.172, 0.171, 0.492, 0.219, 0.202, 0.202, 0.397, 0.202, 0, 0, 0, 0, 0) 
c99 <- c(0.024, 0.031, 0.016, 0.000, 0.000, 0.000, 0.000, 0.006, 0.021, 0.283, 0.008, 0.000, 0.000, 0.435, 0.000, 0.291, 0.000, 0.057, 0.272, 0.000, 0.022, 0.389, 0.000, 0.000, 0.023, 0.006, 0.000, 0, 0, 0, 0, 0)


b00 <- c(0.198, 0.224, 0.202, 0.175, 0.510, 0.392, 0.254, 0.201, 0.213, 0.232, 0.201, 0.223, 0.175, 0.403, 0.175, 0.225, 0.175, 0.228, 0.215, 0.196, 0.198, 0.346, 0.201, 0.201, 0.201, 0.251, 0.201, 0.000, 0.000, 0.000, 0.196, 0)
c00 <- c(0.028, 0.033, 0.012, 0.000, 0.388, 0.259, 0.051, 0.031, 0.040, 0.112, 0.043, 0.212, 0.000, 0.197, 0.000, 0.152, 0.000, 0.197, 0.112, 0.041, 0.000, 0.197, 0.000, 0.000, 0.038, 0.189, 0.000, 0.000, 0.000, 0.000, 0.000, 0.000)


b01 <- c(0.181, 0.221, 0.241, 0.118, 0.278, 0.751, 0.244, 0.182, 0.201, 0.203, 0.182, 0.237, 0.189, 0.264, 0.179, 0.186, 0.118, 0.195, 0.185, 0.183, 0.183, 0.205, 0.169, 0.182, 0.189, 0.262, 0.182, 0.171, 0.232, 0.182, 0.171, 0)
c01 <- c(0.000, 0.508, 0.264, 0.000, 0.445, 0.456, 0.406, 0.000, 0.142, 0.312, 0.008, 0.203, 0.102, 0.600, 0.028, 0.214, 0.000, 0.236, 0.168, 0.093, 0.057, 0.264, 0.000, 0.008, 0.237, 0.429, 0.000, 0.000, 0.578, 0.054, 0.000, 0)


b02 <- c(0.183, 0.185, 0.250, 0.109, 0.252, 0.851, 0.250, 0.183, 0.184, 0.184, 0.183, 0.194, 0.185, 0.250, 0.183, 0.195, 0.109, 0.183, 0.184, 0.183, 0.183, 0.183, 0.181, 0.183, 0.184, 0.195, 0.183, 0.170, 0.185, 0.183, 0.170, 0.183)
c02 <- c(0.058, 0.237, 0.327, 0.000, 0.510, 0.500, 0.230, 0.000, 0.384, 0.500, 0.023, 0.225, 0.180, 0.257, 0.000, 0.515, 0.000, 0.084, 0.221, 0.042, 0.023, 0.163, 0.000, 0.023, 0.332, 0.372, 0.000, 0.000, 0.271, 0.000, 0.000, 0.099)

networkStats <- data.frame(names = terrorists,
                           brokerage99 = b99,
                           criticality99 = c99,
                           brokerage00 = b00,
                           criticality00 = c00,
                           brokerage01 = b01,
                           criticality01 = c01,
                           brokerage02 = b02,
                           criticality02 = c02)

averageBrokerage <- round((b99 + b00 + b01 + b02)/4, digits = 3)
averageCriticality <- round((c99 + c00 + c01 + c02)/4, digits = 3)
